9.424778    0.300000
9.105115    0.312399
8.790100    0.349156
8.484213    0.408970
8.191613    0.489722
7.915988    0.588550
7.660426    0.701954
7.427301    0.825917
7.218195    0.956047
7.033838    1.087733
6.874083    1.216312
6.737912    1.337228
6.623472    1.446197
6.528139    1.539359
6.448613    1.613415
6.381033    1.665740
6.321116    1.694480
6.264307    1.698619
6.205941    1.678008
6.141408    1.633379
6.066316    1.566312
5.976649    1.479183
5.868905    1.375079
5.740224    1.257687
5.588486    1.131167
5.412389    1.000000
5.211494    0.868833
4.986241    0.742313
4.737932    0.624921
4.468685    0.520817
4.181361    0.433688
3.879461    0.366621
3.567003    0.321992
3.248378    0.301381
2.928196    0.305520
2.611121    0.334260
2.301710    0.386585
2.004245    0.460641
1.722587    0.553803
1.460036    0.662772
1.219216    0.783688
1.001980    0.912267
0.809346    1.043953
0.641461    1.174083
0.497594    1.298046
0.376166    1.411450
0.274799    1.510278
0.190408    1.591030
0.119304    1.650844
0.057329    1.687601
0.000000    1.700000
-0.057329    1.687601
-0.119304    1.650844
-0.190408    1.591030
-0.274799    1.510278
-0.376166    1.411450
-0.497594    1.298046
-0.641461    1.174083
-0.809346    1.043953
-1.001980    0.912267
-1.219216    0.783688
-1.460036    0.662772
-1.722587    0.553803
-2.004245    0.460641
-2.301710    0.386585
-2.611121    0.334260
-2.928196    0.305520
-3.248378    0.301381
-3.567003    0.321992
-3.879461    0.366621
-4.181361    0.433688
-4.468685    0.520817
-4.737932    0.624921
-4.986241    0.742313
-5.211494    0.868833
-5.412389    1.000000
-5.588486    1.131167
-5.740224    1.257687
-5.868905    1.375079
-5.976649    1.479183
-6.066316    1.566312
-6.141408    1.633379
-6.205941    1.678008
-6.264307    1.698619
-6.321116    1.694480
-6.381033    1.665740
-6.448613    1.613415
-6.528139    1.539359
-6.623472    1.446197
-6.737912    1.337228
-6.874083    1.216312
-7.033838    1.087733
-7.218195    0.956047
-7.427301    0.825917
-7.660426    0.701954
-7.915988    0.588550
-8.191613    0.489722
-8.484213    0.408970
-8.790100    0.349156
-9.105115    0.312399
