9.424778    0.000000
9.048901    0.017713
8.679662    0.070224
8.323464    0.155672
7.986249    0.271031
7.673283    0.412215
7.388978    0.574221
7.136726    0.751310
6.918787    0.937209
6.736203    1.125333
6.588766    1.309017
6.475020    1.481754
6.392318    1.637424
6.336912    1.770513
6.304086    1.876307
6.288328    1.951057
6.283516    1.992115
6.283144    1.998027
6.280548    1.968583
6.269142    1.904827
6.242652    1.809017
6.195340    1.684547
6.122204    1.535827
6.019157    1.368125
5.883172    1.187381
5.712389    1.000000
5.506181    0.812619
5.265174    0.631875
4.991230    0.464173
4.687375    0.315453
4.357696    0.190983
4.007195    0.095173
3.641610    0.031417
3.267215    0.001973
2.890596    0.007885
2.518416    0.048943
2.157184    0.123693
1.813018    0.229487
1.491433    0.362576
1.197144    0.518246
0.933899    0.690983
0.704345    0.874667
0.509938    1.062791
0.350886    1.248690
0.226146    1.425779
0.133461    1.587785
0.069435    1.728969
0.029660    1.844328
0.008867    1.929776
0.001114    1.982287
0.000000    2.000000
-0.001114    1.982287
-0.008867    1.929776
-0.029660    1.844328
-0.069435    1.728969
-0.133461    1.587785
-0.226146    1.425779
-0.350886    1.248690
-0.509938    1.062791
-0.704345    0.874667
-0.933899    0.690983
-1.197144    0.518246
-1.491433    0.362576
-1.813018    0.229487
-2.157184    0.123693
-2.518416    0.048943
-2.890596    0.007885
-3.267215    0.001973
-3.641610    0.031417
-4.007195    0.095173
-4.357696    0.190983
-4.687375    0.315453
-4.991230    0.464173
-5.265174    0.631875
-5.506181    0.812619
-5.712389    1.000000
-5.883172    1.187381
-6.019157    1.368125
-6.122204    1.535827
-6.195340    1.684547
-6.242652    1.809017
-6.269142    1.904827
-6.280548    1.968583
-6.283144    1.998027
-6.283516    1.992115
-6.288328    1.951057
-6.304086    1.876307
-6.336912    1.770513
-6.392318    1.637424
-6.475020    1.481754
-6.588766    1.309017
-6.736203    1.125333
-6.918787    0.937209
-7.136726    0.751310
-7.388978    0.574221
-7.673283    0.412215
-7.986249    0.271031
-8.323464    0.155672
-8.679662    0.070224
-9.048901    0.017713
