9.424778    -0.500000
8.955210    -0.473431
8.495600    -0.394665
8.055551    -0.266492
7.643975    -0.093453
7.268775    0.118322
6.936564    0.361331
6.652434    0.626965
6.419773    0.905814
6.240146    1.188000
6.113238    1.463525
6.036867    1.722631
6.007061    1.956136
6.018200    2.155770
6.063210    2.314460
6.133819    2.426585
6.220849    2.488172
6.314539    2.497040
6.404893    2.452875
6.482031    2.357241
6.536545    2.213525
6.559824    2.026821
6.544368    1.803740
6.484045    1.552187
6.374315    1.281072
6.212389    1.000000
5.997324    0.718928
5.730063    0.447813
5.413394    0.196260
5.051860    -0.026821
4.651589    -0.213525
4.220085    -0.357241
3.765955    -0.452875
3.298610    -0.497040
2.827929    -0.488172
2.363908    -0.426585
1.916307    -0.314460
1.494306    -0.155770
1.106177    0.043864
0.758991    0.277369
0.458371    0.536475
0.208288    0.812000
0.010924    1.094186
-0.133406    1.373035
-0.226267    1.638669
-0.271048    1.881678
-0.272838    2.093453
-0.238254    2.266492
-0.175196    2.394665
-0.092576    2.473431
-0.000000    2.500000
0.092576    2.473431
0.175196    2.394665
0.238254    2.266492
0.272838    2.093453
0.271048    1.881678
0.226267    1.638669
0.133406    1.373035
-0.010924    1.094186
-0.208288    0.812000
-0.458371    0.536475
-0.758991    0.277369
-1.106177    0.043864
-1.494306    -0.155770
-1.916307    -0.314460
-2.363908    -0.426585
-2.827929    -0.488172
-3.298610    -0.497040
-3.765955    -0.452875
-4.220085    -0.357241
-4.651589    -0.213525
-5.051860    -0.026821
-5.413394    0.196260
-5.730063    0.447813
-5.997324    0.718928
-6.212389    1.000000
-6.374315    1.281072
-6.484045    1.552187
-6.544368    1.803740
-6.559824    2.026821
-6.536545    2.213525
-6.482031    2.357241
-6.404893    2.452875
-6.314539    2.497040
-6.220849    2.488172
-6.133819    2.426585
-6.063210    2.314460
-6.018200    2.155770
-6.007061    1.956136
-6.036867    1.722631
-6.113238    1.463525
-6.240146    1.188000
-6.419773    0.905814
-6.652434    0.626965
-6.936564    0.361331
-7.268775    0.118322
-7.643975    -0.093453
-8.055551    -0.266492
-8.495600    -0.394665
-8.955210    -0.473431
